image_width: 1280
image_height: 720
camera_name: camera
camera_matrix:
  rows: 3
  cols: 3
  data: [1204.22190087665, 0, 616.6406776693397, 0, 1201.500882039828, 355.3874479713262, 0, 0, 1]
distortion_model: plumb_bob
distortion_coefficients:
  rows: 1
  cols: 5
  data: [0.1455752504938008, -0.3804664208737115, -0.002419322036683823, -0.004251201261864295, 0]
rectification_matrix:
  rows: 3
  cols: 3
  data: [0.9955817295164081, -0.01751629795291059, -0.09225074069698631, 0.01992580976613197, 0.9994822338451774, 0.02526314178834504, 0.09176045966690481, -0.02698969310457172, 0.9954152774133211]
projection_matrix:
  rows: 3
  cols: 4
  data: [1397.577600329104, 0, 767.9936370849609, 0, 0, 1397.577600329104, 344.540111541748, 0, 0, 0, 1, 0]