image_width: 640
image_height: 480
camera_name: camera
camera_matrix:
  rows: 3
  cols: 3
  data: [947.7608450970187, 0, 618.6976921034557, 0, 946.3100652954452, 483.9615446043389, 0, 0, 1]
distortion_model: plumb_bob
distortion_coefficients:
  rows: 1
  cols: 5
  data: [0.1149329294637695, -0.2659483273245569, -0.003971014228556947, -0.004113977256171216, 0]
rectification_matrix:
  rows: 3
  cols: 3
  data: [0.9986580664593263, -0.0009574187281817988, -0.05177981889789433, 0.0009840765211342078, 0.9999993960709355, 0.0004893374757658277, 0.05177931912569304, -0.0005396361214403797, 0.9986584055139855]
projection_matrix:
  rows: 3
  cols: 4
  data: [1016.472473309756, 0, 686.8503875732422, 0, 0, 1016.472473309756, 465.0013694763184, 0, 0, 0, 1, 0]
